val_acc : 0.0009765625 | time : 1303.2947833538055 | batch : 0/135
Validation Epoch end... Accuracy : 0.002478392454101462
train_acc : 0.0078125 | loss : tensor(5.1514, grad_fn=<NllLossBackward>) | time : 1323.890245437622 | batch : 0/1086
